1.6593557265448824
1.9618236404236973
1.95164170030556
1.5856003693882024
1.8947839691868562
1.8101187500800697
1.7390301459643378
2.057843627908397
1.9223210354021794
2.16165042657907
1.9032207095183238
1.656621087118044
1.6836841898024848
1.5639221368858085
1.8278994353701652
2.2067197429021226
1.6525538431497295
1.8285442892107546
1.707483679399425
2.058980680656693
1.902736305843149
1.848319552943381
1.4157222055637313
1.9290662056734829
2.0328054841931396
1.5639609126323162
2.3051294880947286
1.95070938155098
2.1547238159540094
1.5199315787417411
1.8639486645937495
2.019784498515501
1.655128139923835
1.6788003580921311
1.5309559081335273
1.8731438051725982
1.6457388301711642
1.9076843490371782
1.492238470290594
1.6565161665052275
2.1091978342347115
1.8905227998753928
1.523002299648384
1.8953896735642002
1.8645451638138777
2.2649863191802915
1.4080380642319585
1.5054277855641507
1.7961983827417882
1.6221065320067733
1.568093414312097
1.8547270544746828
1.8706436112486349
1.5422492850921046
1.9079197814771864
1.570806481477517
1.9399838572784742
1.7710416900836146
1.759831797417292
1.9731684392222224
1.3936703184238277
2.133267931153592
1.8141567642757426
1.8419869080029934
1.6650389051176597
1.5227682044744735
2.1637887962035816
2.0289657828315195
2.0598422505230287
2.033738108522635
2.0528737298196384
1.7025393401019333
1.7669416472142225
2.196815264412746
2.0437267232939
1.8219335902613134
1.6448345841573642
1.8070719384758294
1.6949459663082604
1.7284368889521067
1.6575312716500934
1.6289284222153437
1.901245976274219
1.588998071067623
1.8433201614246464
1.8078452358840027
2.16496515313175
1.5669644194105308
1.9612600026430411
1.9100686762078387
1.8616548880423311
1.6637510526748294
1.8956108148907762
1.7210727116849653
1.8923234054141878
1.9579349649037303
2.021381121765903
1.8277910462936293
1.7098169212744567
1.6198960701832943
1.972138200366318
1.9207861963891237
2.0497574473998323
1.588658250765538
1.804320040250426
1.7229418987283143
1.61094787377802
1.9708331351655675
1.723760826548509
2.017220097253999
1.8408831123072278
1.7425895104511848
1.8043572183724936
2.0060823322093544
2.157323001112941
1.8876277403517494
1.7755604814114183
2.039061581494966
2.1253320282757824
2.202919822668844
2.104546419404093
1.6418441774255812
1.6221749506062477
1.9668380888353683
1.6922745163196535
2.0306888740715054
1.7637801803004085
1.9695923749616153
1.6377456596077595
1.7064021678990378
1.736970242984993
2.2668110920934925
1.7994308441957538
1.7418767129573014
2.155086844700855
1.8890682241453276
1.5676277866328276
1.5678737419136333
1.8564737544745038
1.8539231092818667
1.8843896719636422
1.7040849563110811
1.623044526221314
1.6808195309504057
1.8536509672274981
1.6199930504031212
1.5694930624721979
2.0635690369575457
1.6599655586792663
2.1182627196605406
1.739937525046379
1.8224310011999227
1.7330668061516417
1.896204551865877
1.6595763277255822
1.6646515391485455
1.649838198651433
1.9802897373459112
1.9098100771532909
1.4719753939182914
1.8874671788173252
1.801564393256074
1.7034572029903867
2.064285933184198
1.9764099700572484
1.9455554073576709
2.0809484159272227
2.0604520338143186
2.019151683829282
1.718616639240113
1.76283867269907
1.8018634844956887
1.8953887868758401
1.9770000580646219
1.7066866908081741
1.5490611103490792
1.8538243845560476
1.2777771473826958
1.7045268444546366
1.716533479012123
2.1453800054985535
1.7737692552857895
1.9435656331604707
1.7595879794018756
1.866458474256787
1.6313578678039624
1.7089249602005188
1.8960077997411722
1.7247373461928268
1.9639933740833824
1.7194878491295993
1.4448809103760163
1.9479566597246587
1.8422482095219215
1.6437407321679256
1.9984485161222447
1.938832742637445
2.142008840894763
1.9459685759675494
2.1195066158664564
1.7003999053378762
2.0181331222761245
1.7147053432691084
1.9031340529205607
1.7417488218157913
1.7185114303083815
1.8207708058795289
1.7849589828823815
1.5037832064834677
1.8835916943862823
2.071417089652315
1.696679769738453
1.9427411964255157
1.940627636293058
1.9983104099766595
1.7674616555847187
1.8169986942207432
1.8624461240938859
1.811510284547