1.9057498533598722
1.934113863154203
1.3620329092046903
1.9903215980620643
1.6502143444937987
1.3647407232540085
1.9588633131916648
1.8105221917684085
1.7269557116846606
1.7023716487617546
1.2916137373038838
1.5165782029987163
1.775105214721762
1.2991785152764992
2.098232452801266
2.044722125607834
1.8797895892258119
2.0311711644777537
1.7823318444068679
1.7974556454480033
2.176330214953499
1.843566532757596
2.031648755323003
1.883205999954689
1.5577410567055059
1.8491927628489624
1.679604497161225
1.8347721523522593
1.6648907332049214
1.7863684299526619
1.732453332957233
2.0585704909901974
1.748487282292108
1.8947258201460344
1.9770405576271215
1.8819767385916644
1.7611375624870709
2.144340873529519
1.7591237957891606
1.9850139094512762
1.8806743303387308
2.030803138824296
1.6844601964998878
1.9005145645060053
1.621720226567282
2.262048218674552
1.6849218809879472
2.1465415371605334
1.7536942959681185
1.5033153584860734
1.7817659006140227
2.070679654444795
1.5257993961284053
1.840584409767329
1.8344236673590855
1.9768172665801746
1.6094197056500592
2.194669504653862
2.0437916113130474
1.8909884604862623
1.8059053979043223
1.8145309050796463
1.7483210951934336
1.9433080566880643
1.9291785775445802
1.9647514527742675
1.6720516034152253
1.8399331134277896
1.774295992550591
1.6386482705643097
1.770135507800673
1.8049921908117312
1.6911161856274723
1.731806475869138
1.4111658014354476
1.9027015651237598
1.7600063300155775
1.8258705029945872
1.3530397904218188
1.7271959167019975
1.662200423232409
1.8529992685266916
1.950968390139963
1.7275003076068156
1.909373013875579
1.9062922563717692
1.8180941167653746
1.9973007644893712
1.5694365306677924
1.9291788673796062
2.017146393400733
1.8535045566666868
1.6641899610121227
1.8242846334722949
1.7686400513367477
1.6126490620822909
1.707661559997172
1.2644760702473365
1.5724864453896088
2.0309600577922065
2.0127415604590895
1.7237203017460885
1.5769816658601132
1.8463461512055117
1.6094084553808659
1.9847334714891143
1.4990837383529145
1.7421544641138156
1.5777898138663475
1.9287795531987013
2.0891469415875368
1.6694951378341358
1.7522859979286258
1.5277333963417863
2.033227796793064
1.736295049033828
1.7868968324129653
2.060109010002856
1.8857530945966268
1.7744201736887169
1.6266615222138596
1.9222993773513173
1.850442046433815
1.8104741184816557
1.6777509993383046
1.915687554496941
2.286965207296585
1.8239498369148972
1.63329685212714
1.686259997624502
1.7776295539477
1.7008143615217384
1.8586177339795444
1.9034819178197566
2.1431805521369753
1.6596647056338965
2.1109854453106425
1.7957855448666795
2.077472597604753
1.8415913153114385
1.6803940333219174
1.8007055054408525
1.7777867896756085
1.735328897282256
2.08367165513843
1.9066877833756406
1.6041942640145
2.0603066438889654
1.951331595311703
1.961217648149673
2.1019425783296675
1.8695753780272115
1.6985805039899897
1.712424411389228
1.9571047121765388
1.769320791382866
1.7261055363800861
1.8815006858849854
1.8499358610535221
1.9104541592003408
2.0567344481313667
1.790999205296173
1.8155227716525317
1.9500226594519605
2.2641030175344725
1.9911309870472667
1.7203969624100313
1.7662126516690277
1.649157832388108
1.896699789427236
1.834340761924931
1.7111643569757848
1.4376524051074218
2.229724670042093
2.1314097164788564
1.2571749541179775
1.6120798605465216
1.8298462236965751
1.47960050324722
1.6000135303871774
2.0333895363416956
1.985265617015736
1.6163284267547642
1.958408532372031
1.509519744761577
1.9546643681467253
1.7006610939690212
1.8655549111843552
1.7059854032351758
2.1385161031753577
1.6868043639187649
1.813725526387192
1.6405171280391224
1.9817305196676676
1.8383265627416487
1.7824989626884178
1.9268529297979011
2.079365339158597
1.7799221964299898
1.6707175762943813
1.8731446640029334
1.9254033402003436
2.024136704073462
2.241514624344669
1.8383729377692826
1.619958487370198
1.2581557509684662
1.9615667586245291
1.9072677046873259
1.8412102536650583
1.4684681551105279
1.9679041037487033
2.179225280804544
1.9313976972754041
1.7024075567321677
1.6909374387949547
1.6148672795880716
1.8958749050815586
1.8132834621697902
2.085187413124088
2.059191758883076
1.616536172700027
1.9143678777186548
1.516350398279446
1.7022338818833564
2.0378429108482035
1.4271318041215135
1.8599581191666443
1.6828437096261954
1.6515344892828219
1.5212512998981769
1.9221427965178322
1.7978979011998366
1.8311649014527738
1.7777430413482078
1.8015031830584392
1.8379642520428507
1.7348842811115064
1.8439844789021558
2.028610775010215
1.6572447918552895
1.88617571875491
1.759750078040334
1.9707115492285898
1.756090080821691
1.9148631573758537
1.8490491197428194
1.345264746975445
1.8497999769231281
1.8984826912133368
1.8414449426095902
1.8807465497336033
1.9449326428738585
2.0154171479764296
1.8684133644623606
1.9541409675083377
1.8012833852235766
1.7254588052995783
1.7879364061518805
1.4209102005489676
1.948504366444927
2.0086892235791907
1.7427396236408907
1.7351945495678232
1.6635362097656428
2.170127735631165
1.6118249763078651
1.601876088370303
1.8280539865481038
1.6532710336532024
1.8822516409615608
1.7460877882971084
1.7196948009045498
1.9134499843255606
1.4083961700681547
1.797353926282932
1.6890263382219253
1.7343495435902785
1.286232857792784
1.6892460113329273
1.4221303635240279
1.6176850654568116
1.5518912990984888
1.6784719243072774
1.7872259919265656
1.6949796997818392
1.96438481604572
1.743379339261446
1.6118611541427497
1.6503625988531283
1.889469345421558
1.7381344799966332
1.806097877175683
1.837772535944103
2.0142913981134862
1.6858786397106582
1.4506429658473516
1.475840116444304
1.6719577281704825
1.7263005065333281
