1.6373003254634007
1.8266066712293834
1.7062145471385994
1.6354913391116934
1.310046245627447
1.6425545751413977
1.9003337303282037
1.4880124097474954
1.763468977567686
1.5960301447106175
1.7353811360613558
1.8043300927383392
1.6424725674453458
1.9548315133357312
1.826239412753798
1.8490635571520353
1.513443271626114
1.4298270508731281
1.6198777272675828
2.1687604336862156
1.8236029510900478
1.7461305953647785
1.8189103181481208
1.9113350328076328
1.8388737156319475
2.0952169300702765
1.7426829166696753
1.681526587810528
1.5207461650442367
1.7922816172405378
1.5304191161130507
1.6371417847728627
1.7961603672582185
1.4941413995755146
2.0255942081285725
2.1100864741049326
1.7597210621438744
2.136186317663526
1.5831822905457602
1.7571375706145762
1.9691772670621273
1.9340219444487952
1.7482352423815604
1.5189384696804433
1.8010282312524575
2.1151118399084012
1.6449786088293512
1.430261859046041
1.6575424401772976
1.7235175157124747
1.6696099837317075
1.6579908918521988
1.5765748813824907
1.7266905521422178
1.4785974101954094
1.4767014229734954
1.5649214546383234
1.6734587965239758
1.54158197546121
1.6466303278699128
1.4566661986699305
1.860701190735262
1.7876179584734706
1.7537701761932654
1.8615945970911607
1.7007896092925194
1.551600470074742
1.9382990151285249
1.8830576425078365
2.0886764420004
1.719220970755304
1.1613251117649013
1.3787675428742177
1.928625972982734
1.5841398020526103
1.8451098964785921
1.9192231814586576
1.5666458587382843
1.5827887433055272
1.6007934099924581
1.5389472069668038
1.646895122313854
1.660638597901609
2.004435398082358
2.226641540761114
1.5714749931161989
1.7722280517016589
1.5106284451968424
1.6037761087142532
1.8961344331832937
1.5813484341982815
1.7197059300731914
1.8134004187582429
1.398118279893561
1.6590396635498168
1.7950588191585044
1.7022058369764146
1.8806975511116486
1.8593561181490177
1.716793712104335
1.9470293858472312
1.4629087120959468
1.5958990276108826
2.140644606762411
1.5343134577469064
1.7719168344168272
1.6732673846424593
1.5693390108893226
1.6308761520095785
2.011571672107893
1.6484459108289757
1.7481016633043718
1.5648774298929955
1.6258625076397462
1.7060494485753532
1.6750305970684158
1.7826829701662146
1.4018243745186907
2.0559335199846642
1.5620947200111992
1.9149464456051983
1.6172258870395542
1.9990657676974335
1.3532021773434308
1.7726000545321734
1.6926845647103426
1.6996993642873142
1.8932295321030148
2.0177742455982988
1.7003290150788788
1.6517246192333386
1.534266553971587
1.659700018377864
1.614363423747181
1.5529155012408085
1.516357197557122
1.6824594474188401
1.6822249667165083
1.825947080552877
1.865509227873377
1.7784923645592985
1.6010871081856408
1.8757965737910935
1.466787174395438
2.0175090106356577
1.5897522446913945
1.6477471116717017
1.8559785769506447
1.838927367210547
1.7155794640883868
1.4247561374517845
1.8511018659429355
2.0210715418734826
1.5289665683177815
1.7494331802316772
1.7121236657375956
1.513983454004125
1.1982903750286542
1.90074843076292
1.574316375792314
1.9048573150068409
1.9003366707229887
1.6635095144488958
1.9969495487748676
1.8841760940263799
2.0492842455391296
1.5113828688964503
1.8073572601744983
1.4263366267769744
1.6926523866818697
1.6996126215059641
1.660697206191585
1.7799808809640723
1.7533470137675784
1.3938714378273251
1.8600865311409558
1.899219079430218
1.7091034076541998
1.415231442271508
1.6547094716302682
1.6195393929499344
1.5159995898322565
1.7887205564712645
1.5168258443760558
1.7486815483294227
1.695475100042948
1.4138715007820881
1.9346818180213468
1.460480958384178
2.0248950648517363
1.6941594299640084
1.9745039654607448
1.6191286253723411
1.645971037296162
1.6625199566627349
1.68520912997445
1.866949072842031
1.6464828871163
1.6013669193361337
1.4898656253779876
1.6301774262843667
1.6769292819909145
1.821574136017928
2.013266783886654
1.8002048275615539
1.5236629422869785
1.8980023511762405
1.8023237922607525
1.6212364379109603
1.827228086316265
1.9000798845087226
1.9151343421299427
1.6452847078904695
1.717861870975895
1.791947716938786
1.5788812371576262
1.6846492809323144
1.820453534710393
1.6111482697161024
1.7334882591951677
2.052836760878505
1.5318554221313103
1.7580531383334843
1.6131645799757115
1.604953044295894
1.647685264194805
2.0139619816048286
1.7053449394731026
1.4217105842007716
1.7761485989841945
1.7877930562847801
1.7304272445264113
2.0074890338577585
1.7827108731644692
1.6312702082034192
1.512404806911276
1.5780521852487839
1.7091091750261393
1.9438363447435945
1.8933798117877523
1.7081018651052053
1.669642831596044
1.4097034106400441
1.5077049398047015
1.6662211532389466
1.444878331704901
1.6713401628155657
1.3771628571886723
1.6417326514306458
1.785628898805546
1.5676352730316092
1.833406356377693
1.4619962647923528
1.476688965990476
1.6829059061708893
1.6423796109943445
1.4956791218609067
1.1980875866279603
1.9974706775720452
1.7547584686227575
1.6263029905170803
1.595309053488151
1.6553720881488898
1.6251569615903658
1.2674470272747573
1.8639799450148136
1.601193801330831
1.5462094979569942
1.7051501293752902
1.8243779665180513
1.5412609167985694
1.9113111488282153
1.5632165915546792
1.7246731874484578
1.525742130501314
1.8839095750741284
1.9692285012339021
1.6266843365038395
1.534528219042114
1.8535619292486714
1.752337726227291
1.6027171655537829
1.5686784802047047
1.39912924107221
1.9063742902776066
2.0235589868577977
1.7687963295553961
1.701894759736917
1.8594490108389266
1.8705578540361352
1.8046724605599795
1.6633713699678239
1.9777128292404045
1.6595468937758395
1.5616160071603116
1.5522585482140638
1.8717356378966865
1.83833793959701
1.7401677048308049
1.5933318441637658
