0.857858737646
0.905925082719
0.576940317998
0.878082547865
0.676188031342
0.773700403851
0.553422453813
0.613042514234
0.655253310352
0.751039861881
0.708211747962
0.511069214415
0.69438047589
0.529510118023
0.677778883536
0.718591011579
0.645299546934
0.597624679552
0.879637608741
0.641935649961
0.782655329545
0.709053165059
0.765373795352
0.460243541901
0.628508230486
0.719532066756
0.655795234573
0.807943180532
0.427332401911
0.864368934685
0.618860005156
0.567050078873
0.648254699381
0.772490183617
0.763841666694
0.820195974779
0.735015002741
0.721505667986
0.720217826088
0.81811054556
0.786618696528
0.740750428976
0.657173572576
0.662732944627
0.796519180941
0.889064711588
0.794354854187
0.488154192574
0.691456100184
0.635345527655
0.536547843215
0.80195989881
0.666058420555
0.504637512934
0.718687494824
0.781519873144
0.641446024813
0.743645174011
0.78982974002
0.707152386903
0.766366234827
0.86968874851
0.717171903452
0.706703737049
0.80654199661
0.692677414947
0.694874998086
0.863041177271
0.838420661269
0.775720582313
0.517461050746
0.596845201464
0.791345507962
0.657056298986
0.725044014769
0.558492022829
0.653006151626
0.700751391182
0.89894269774
0.745288164512
0.642218754245
0.525860244629
0.859838730524
0.812265131806
0.765499237793
0.629840675768
0.75512977013
0.617503821738
0.636199260193
0.833861777298
0.609967216504
0.741609546223
0.588696006188
0.70779420257
0.629547590709
0.717400872593
0.695330599679
0.728625396424
0.657643666013
0.514282395663
