1.33694520188
1.41730357055
1.177145756
1.41162502689
1.41533070056
1.61370219553
1.34086812056
1.19207114281
1.33132004457
1.17120727303
1.30264968207
1.46426018518
1.39674669587
1.372532252
1.31961711907
1.58088368344
1.44424579647
1.22365330797
1.3707952345
1.22031940637
1.44662619403
1.3012209536
1.42731541454
1.37282230751
1.29735831842
1.22884661459
1.29466960609
1.53320126632
1.2847125519
1.15054775906
1.2502495483
1.49474354819
1.37890465043
1.38590278636
1.48841992903
1.350356398
1.25001358751
1.42700756921
1.36188733
1.20589212444
1.30230792273
1.4297207736
1.1636394509
1.5464245277
1.25083469098
1.21096681388
1.23807753586
1.47829192444
1.36732475936
1.31068491029
1.37235524877
1.25273002161
1.39658024035
1.32391693628
1.24851141857
1.3413070293
1.30732149243
1.46626480195
1.29373421465
1.28854158755
1.23857609223
1.09986067052
1.42160811052
1.48710094677
1.2958399583
1.32248625665
1.30898871375
1.30437868557
1.29452993869
1.29018580312
1.46771513095
1.26077986181
1.31807517812
1.14926528622
1.17794721276
1.35525563695
1.24965016263
1.43074158871
1.39467790144
1.26980015617
1.26901447051
1.21628496987
1.43248188478
1.35448306996
1.42039203012
1.43077640842
1.40221909686
1.3932305322
1.27681868669
1.65927365815
1.42485574071
1.56166785677
1.2402246375
1.3092496146
1.43729224045
1.41708587446
1.32927102985
1.21870753258
1.40312004631
1.35177774475
1.20396464854
1.40465239882
1.36699428595
1.51285028206
1.37368549281
1.23217117896
1.2233239621
1.42282334069
1.37452458194
1.43352900223
1.24744911998
1.35475136923
1.24134870321
1.25629743469
1.2620044301
1.40947128306
1.45923531842
1.24056817797
1.47135478648
1.16556118737
1.18149221594
1.4680104995
1.28779428992
1.36968762462
1.33958961544
1.43300567323
1.29227125655
1.47159857441
1.18117344188
1.23693846244
1.49065311325
1.29024680828
1.3290793604
1.22891044643
1.54810316624
1.38721566587
1.32418388102
1.19902235684
1.39107727828
1.41942430295
1.32604836554
1.4536223953
1.33253341861
1.29614987371
1.42930481046
1.46747982384
1.35725669807
1.46007736785
1.48107937908
1.40325238668
1.33984246657
1.31272475286
1.34004135566
1.26897772846
1.45357136061
1.51867708339
1.19902866853
1.34694318948
1.32780730044
1.25359349851
1.13651524744
1.40250214421
1.51086631702
1.32962825296
1.539913423
1.32384294263
1.4417982495
1.42593542492
1.35585999764
1.3064937312
1.39789318369
1.44698062257
1.31577331171
1.31764279381
1.29995848315
1.38253766404
1.3618502301
1.4251538554
1.32548700322
1.56859638622
1.45052611622
1.39784255491
1.46603545195
1.4514037546
1.27273072257
1.42665292074
1.44003995844
1.28261293974
1.37343759428
1.28148592662
1.24915688829
1.31683537855
1.42535466368
1.10707262921
1.51139844199
1.49598844255
1.26634318363
1.42663292393
1.30793698961
1.20960297919
1.39124513677
1.35959019962
1.1075300264
1.47820275037
1.2997229559
1.26540150144
1.38149665033
1.62642151866
1.36146241906
1.20977027211
1.51455710497
1.21809102369
1.36033256384
1.59146635027
1.22955743218
1.42118056714
1.18116855279
1.43374825315
1.37257298421
1.27824431842
1.42447728919
1.23623706581
1.23452036317
1.4467076698
1.36930551076
1.48427492123
1.34729506819
1.4069606964
1.55763712842
1.13577575693
1.19737968984
1.34232025126
1.27374853697
1.47564753261
1.52520325679
1.29803060859
1.51286410393
1.39131440218
1.2830844592
1.31719703348
1.27324623959
1.10844074382
1.32320940109
1.36096793327
1.43259781243
1.18992775475
1.45348422003
1.41763759272
1.27257221798
1.56058215691
1.26324083755
1.15314185853
1.25246682687
1.42437752996
1.51296867446
1.41484866884
1.40722550855
1.58170827646
1.29140843012
1.43462067363
1.47053530478
1.26304625641
1.40360319135
1.57751738318
1.5015235016
1.37496917766
1.70647734179
1.49889017336
1.29407674455
1.3945515503
1.30507390467
1.17171969216
1.28874892536
1.3157772577
1.43871155967
1.30652723006
1.38521938745
1.25878408655
1.36957725615
1.18019056716
1.39930402535
1.32437847554
1.36457133482
1.33403131121
1.34376467997
1.26490820151
1.51506177896
1.41607485473
1.51662976463
1.27220534761
1.25972585598
1.53685943383
1.31294178538
1.44110674779
1.42642030891
1.45073519298
1.33362767947
1.41474582359
1.46860755473
1.32015155281
