0.7878124964210711
0.8055677964395429
0.6311218926020881
0.673024416500495
0.8437978546467122
0.6916645465162664
0.6969210644492773
0.7437362037450961
1.0158130990905414
0.7736668747891868
0.5833042597557808
0.74457786431252
0.8276496318108447
0.6669212143659862
0.753339668931571
0.875124574403698
0.9220724119517192
0.9488372336231822
0.8692384940918656
0.6076749332757769
0.6591699286412338
0.7883113843021534
0.9019082105728513
0.9126585207694922
0.9704542087118628
0.6469322199325339
0.6552890803009774
0.7026381775455499
0.6782148553966856
1.0090451747047517
0.5986262807441708
0.7742061659248467
0.9084311686499925
0.8292369476959549
0.9696547162964788
0.7727101227103133
0.7807481114485473
0.7189861179397542
0.7840249711747086
0.5840295719108036
0.7937410495905676
0.9330781125702612
0.525338176184087
0.6086150020652005
0.6409240719030587
0.7978390661476416
0.5584932712484871
0.7343627325815483
0.6277178659153236
0.8080482395777286
0.6292252088628129
0.7760239572608394
0.7366158520634749
0.7956356846106615
0.5642084791382298
0.7547980758706048
0.7188938839374245
0.8740912700928966
0.9566797420652745
0.8521671769422839
0.8875686505668642
0.5587706860788519
0.6066310567241386
0.6842633658693299
0.7594267686145277
0.7081008172487672
0.8717567591912533
0.4434623472535282
0.8501058843409004
0.7116602156503008
0.7095724841779565
0.7162837410752487
0.6305379869461678
0.8578983257316234
0.8963813404958841
0.6239269126595404
0.8606559369130921
0.7245725697937548
0.7188873431264742
0.6852810443519233
0.8928951637452399
0.9099572634554074
0.7292389011852367
0.7673641167721308
0.8034829416729855
0.6627075403021007
0.7205743111899048
0.8101875605502504
0.7391019287394118
0.9369245973718479
0.8980929124950577
0.6455848038356609
0.6661773145111285
0.6484716015131774
0.8772321837617213
0.4534407842416661
0.6290181902165161
0.7346087132850806
0.7980692005541906
1.0391813451674237
