0.772016877898
0.794915905961
0.88280923563
0.797631989697
0.719225734804
0.534208299644
0.750675984414
0.730289562966
0.77248669566
0.730166710327
0.905162339158
0.560674751823
0.982050565423
0.54108210578
0.843410611579
0.841871242384
0.702691281228
0.695444196863
0.519129305838
0.833547925769
0.643194659639
0.716731407627
0.488710438562
0.833476072676
0.810250024472
0.572668610297
0.829624736172
0.834786406238
0.788426004032
0.736703156282
0.708295016863
0.738628932461
0.658420321943
0.698511322585
0.748235128982
0.739965620888
0.601073029133
0.732136794719
0.596125930211
0.467501166457
0.691630199582
0.828930801887
0.709035950022
0.599674904959
0.629616571294
0.741740232245
0.685116363068
0.748381213702
0.640463149113
0.502858786327
0.716728248793
0.65353230264
0.681315797068
0.64081196129
0.644774178002
0.650134524729
0.648203755449
0.624342484713
0.685629280257
0.728616919142
0.695933145776
0.864129942986
0.623939545827
0.822946045641
0.74713133382
0.774681512742
0.755649895613
0.608604155818
0.547609719479
0.846678278417
0.772323982758
0.736182626155
0.826008774898
0.894640405727
0.554379092674
0.784374374874
0.643005465517
0.496659938681
0.706620657707
0.734863037724
0.68868713195
0.694863086791
0.694328606768
0.692173440649
0.803691616601
0.776626866625
0.90458606668
0.584982084841
0.751898872577
0.997476419132
0.742997866368
0.8175803483
0.733691222403
0.481549240218
0.573710872026
0.904393504428
0.85732121182
0.593647677593
0.707789118673
0.79006820917
0.633135096272
0.794812930545
0.906948488451
0.813362989734
0.901349247163
0.733910359012
0.431373097004
0.927315032711
0.668520721586
0.639714976208
0.608801237741
0.725111024067
0.653343061698
0.717395728516
0.71527715042
0.670422474857
0.652480750937
0.667385501926
0.702534481117
0.630455965073
0.710827414348
0.521449243547
0.856932245405
0.689718968069
0.64760824151
0.612790365053
0.898190228101
0.629383590952
0.699031507248
0.721218210472
0.758787364225
0.59289307061
0.490810674553
0.688288468504
0.920210859819
0.547246883976
0.807699840372
0.811741065889
0.812557880638
0.645204788676
0.801618113004
0.885222974497
0.68173831678
0.823567457484
0.884764335364
0.722525831028
0.740957535043
0.648574368399
0.780233912655
0.769670817899
0.833599281134
0.689733414117
0.804452190122
0.707805246302
0.771487613725
0.778803684474
0.733845336987
0.487060563036
0.806715863443
0.762041391825
0.702797872909
0.610661985468
0.744403201826
0.519160219304
0.741219764841
0.76012780488
0.48594104022
0.624946410858
0.773234756852
0.707130766142
0.69916210542
0.688597166035
0.748613421604
0.533146005161
0.667762390023
0.80238591012
0.788563798263
0.419522611389
0.802211971787
0.470656588521
0.685376794835
0.766646754211
0.740380886059
0.809692691008
0.785962523339
0.781651495557
0.951368496155
0.855832287707
0.697674518887
0.825817114393
0.741338749263
0.576102328853
0.724057256129
0.701570937388
0.676146620228
0.640467745771
0.65459501629
0.855111992725
0.541801030556
0.831284342358
0.81407930883
0.84057396418
0.972625953014
0.666969168459
0.79743779312
0.844871252375
0.887884642933
0.69473583511
0.540628982276
0.66895741074
0.66364154352
0.661523188001
0.524615185004
1.02287633635
0.579905995433
0.725277036437
0.754091992828
0.625925840116
0.692470546068
0.958025559122
0.66915955447
0.636494186245
0.493956685604
0.671886337875
0.697103539326
0.744872810562
0.871386622549
0.759788379621
0.618560450987
0.782266840227
0.752895742033
0.702361450072
0.838100916957
0.815492807912
0.814133219481
0.746366843328
0.753878429851
0.751316716463
0.605006565788
0.840298845694
0.693436100894
0.795353299829
0.629135646803
0.730725387001
0.611219002635
0.743588542043
0.836596012776
0.814627288894
0.869887966738
0.806636605013
0.604427717239
0.740155612425
0.597122648825
0.733842426162
0.620162163121
0.632273073008
0.667275487878
0.686286903882
0.704969398695
0.602858003874
0.674309423709
0.632696751124
0.666210983558
0.58247110849
0.771121776171
0.638675081941
0.791976691661
0.602601697685
0.890046147941
0.750401101936
0.845505434216
0.796511604163
0.566809258949
0.796719385728
0.557310938718
0.770155380074
0.515057695814
0.917261553017
0.566655677804
0.556743723077
0.696827633544
0.734479167886
0.737123985198
0.786548963509
0.568904526564
0.661766616744
0.551257752844
0.637569415563
0.84623624866
0.837663319235
0.777541273437
0.582440480569
0.63177219746
0.625077597778
0.709956972934
0.681481738845
0.674350894394
0.661124311953
0.793942668646
0.633135840782
