2.0808430948920598
2.1025281288863926
1.851633798268138
1.8590901336918726
2.016477545956635
1.8497720185682232
2.439707267892425
1.7120831848224514
2.198417020575031
1.9704446390325214
2.024508040818127
2.3228012730830883
1.5884559262969338
1.8532339346829514
1.9370572941316577
2.0495709437233414
1.8660095441711753
2.5622030795540445
2.335800404919201
2.0917737520461563
2.3897005810699277
2.2271736858695657
2.2965754468097708
2.109223533443276
1.919847592605122
2.0533524834525716
2.1906169547240046
2.2638208934782007
2.2734317184075845
2.1331173645391943
2.190781243000548
1.7990651728386282
2.0328937474933926
1.8885918786550429
1.9656152237321756
2.42484688122812
1.9085692956023697
2.0983425073569943
1.9187478530341149
2.0242372254568766
2.1282981230554237
2.208256129692866
2.063787269692935
2.2392180306347083
2.1379988155014087
1.945026086057707
2.1569868184626015
1.7574415115214737
2.08943286612541
2.4303757705448823
2.1735761863508722
2.2199644789086004
2.0372230206862345
2.1052366789909196
2.182025602245687
1.8380357948567994
1.9893121448078162
2.1422222473391983
2.084579811491497
1.9934241837685431
2.1658199858555425
1.7693697903815753
2.091652676283501
2.1168700941180907
1.9364516027446916
2.17804923350008
2.374223944123198
1.8060323318232474
2.548474706114948
1.726777694772032
2.3894625268526744
2.223172025524044
1.9667272482730318
2.0634783744062766
2.425772732179264
2.1926420083799036
2.332704054169923
2.257252040414088
2.0305112921332977
2.1783490316067486
2.4765721621546977
2.1017824382923447
2.230637603713687
1.9573307134047475
1.8263852931765543
1.7872436108144452
2.013956500383526
1.6858121059537003
2.146863923225364
2.005158753962007
2.0736223333274344
1.8176795578393747
2.272299189466584
1.5631116095903235
1.9095177862920065
2.0926940226706585
1.6153514851453568
2.271102550949362
2.0584825257594606
2.4004102950588657
2.0790887111502
1.8926699752877396
1.7254202186362038
1.6342541945329405
2.006036690701901
2.346222190911754
1.7842260275120017
1.9141355280237662
1.990981530844057
1.9542400768069832
2.2256917304033537
2.0118944655368804
2.1312049418761356
2.56456446829784
1.8940025542694017
2.4033539685380667
1.8204734842073027
1.954690586200019
1.9319833400101087
1.998790870630914
1.9085303604281847
2.1928693997419786
1.8508513374494906
2.2861268500875176
2.2871335009156866
2.157536212966001
1.6183878636330158
2.0140007562366753
2.43939759441586
1.8781384118099025
2.0535893447623943
1.854921571111415
1.7386396132569757
1.8897150422353572
2.2952518556177037
2.305614677205392
2.1351515826893626
1.9773405802209327
2.3553888895824335
1.852793728317581
2.0273547948561568
2.2128265238551257
1.9943148755942501
2.029258562002407
2.027196184021851
2.107655990129516
2.0628412057897165
1.894911630001238
1.931303935351212
1.9433865013887683
1.9826985342336607
1.7279062659411222
2.041609121361488
2.1585837919421307
1.5563799425522085
1.8937075653584998
1.8922760657994853
1.9112274978231054
2.2268529495395564
2.112809517626953
2.446163044827461
2.3711462579789884
1.8607863971969794
2.0097064655606482
2.190149457817022
2.145157208678733
2.2431333761291885
2.556525175576508
2.3173021458339433
2.1327613100839073
2.1607875899279483
1.9119791016755983
1.996146573101353
2.086655557796231
1.8225015536060263
2.3865423875073186
2.1268646478042093
2.147647047942946
2.2035067559537973
1.9314019462135197
2.2767753235132226
2.2984701193309096
1.921435585039497
1.9868032905510424
2.178252015389474
2.170644991444696
1.8962561590218592
1.9287566240109764
1.9959686239604424
1.9500368609781913
1.9451555743420972
1.534955485960155
2.110339387418488
1.7232549029319506
1.9161694189490377
2.1296618020480844
1.8658067880934788
2.35870661901013
2.167389310717745
2.1872640364695535
2.159828308064507
1.909583443197201
2.1471558739132828
1.9975450214628563
1.7302648200917596
1.7428078545722046
1.5814398669979601
2.3079352992234554
2.2932608781051065
2.16014184912512
2.0327373498777024
1.7232725330066678
2.0772228421634598
2.3694752774352428
2.1694480911796052
2.2016671908337107
2.241779659008051
1.8989368385806822
1.7197912569459455
1.9173070786217212
2.193559601723284
2.162154111138271
1.933874984217217
1.9333133787299142
1.973923779382008
1.668234019743556
2.0773792164819715
2.2204700492139824
2.016287367608122
2.479266202316885
2.2722830383293178
2.23463137666466
2.187627629308728
1.8295300425641716
2.5263584181448473
2.13536275936921
1.9892079712197852
1.8116414494959068
2.2383818662178387
2.247639402524066
2.4029801061268308
2.065294907483016
2.1274036290559475
2.2340523247321022
2.2056058094943394
1.8175802260646714
1.9950021029254565
2.2037012732290457
2.036604965094939
2.000353087380319
2.3989815504391623
2.106224159148853
1.6522852641677743
1.9451542664810877
1.9279489038921824
2.293643477822617
2.210705359079644
2.0340058265020264
1.776274596581552
1.7539550340089831
2.1157401150222697
2.4281995235561755
1.8250045359823583
1.9763097099450526
2.237183297597463
2.1228520710593406
1.6320612558524494
2.0880948556879013
2.1471221983690723
1.7671732299846188
2.2143597470464647
1.976696886023785
2.245093680589838
2.069261933533249
2.2603309696929665
2.2274822077795897
1.8296848389071587
1.9231140332247736
2.018500592304876
2.1389635472405444
1.77623443968453
1.8385332033994164
1.8213007730277233
1.788433042612874
1.9334926558506493
2.336863171041733
2.5774558152463354
1.9184154625717253
1.808984841229197
2.191042334503694
1.9647281967281296
1.9507238634823463
2.06354627421577
1.7050728197943497
1.9088997981199733
1.6494856760830876
2.025728800110682
2.0464069335454607
1.7982840316020494
2.2250102942730634
