2.4544188094
2.43333207477
2.5466893404
2.49080029478
2.8739658267
2.40204810414
2.40362154411
2.52275909965
2.63097744096
2.24652259903
2.15598049112
2.79237076742
2.57815385051
2.16801312226
2.66965548704
2.58806294547
2.55508710865
2.32290752052
2.87366225684
2.72224618154
2.46853379542
2.88160046547
2.53774200289
2.6077689607
2.77288996276
2.61495536227
2.68733371805
2.50246126028
2.70557146992
2.43864915859
3.16046656082
1.70063910952
2.11368121571
2.34474762255
2.32475436144
2.70049894531
2.44276224074
3.17544170192
2.95858719553
2.53864704371
2.77108567364
2.38432878664
2.24220696855
2.89469355644
2.74199179396
2.62279978701
2.45306296099
2.41701116205
2.3923661205
2.32281596552
2.36885653948
3.20191107554
2.2128143881
3.0579533725
3.07249315221
2.67567098295
2.30208078682
2.65544768935
2.47175035173
1.95111916451
2.25345493392
1.97882501794
2.72230304746
2.19700525304
2.28459340242
2.56248701695
2.04566946654
2.44682659306
2.17005690325
2.40226078401
2.94913785306
2.28373982436
2.6453337369
2.38780383293
2.41015448534
2.27699739082
2.74359943928
1.9676128674
2.40125105164
3.17522604182
1.98122281096
2.06464911126
2.50768715352
2.08814821992
2.35909938829
2.76908387543
2.46760605567
2.36366231768
2.54328460645
2.79223879799
2.84841628029
2.50730501594
2.68470557612
2.2925596556
2.29765575543
2.2939073667
2.06004001873
1.95389334534
2.68465062581
2.37229652867
2.83474586792
2.35113859108
2.81962894609
2.29605343417
2.3287341751
2.14863894047
3.10483423283
2.9008171257
2.34403260689
2.57142977893
2.41997900435
2.68847646403
2.45267868433
2.93793213873
2.74125944254
2.45617203461
2.21641014893
2.35410177469
2.10493140875
2.7103266558
2.54588499961
2.39003926962
2.51104683309
2.52363938977
2.37724897044
2.99319141894
3.20935354259
2.64478371642
2.65701268372
2.44219675942
2.6011824063
2.35196015718
2.24222314442
2.68067934335
2.50920451389
2.79708429158
2.7962499099
2.13638825906
1.95306815895
2.57246009903
2.64265907155
2.81586049191
2.39426621759
2.30140540169
2.53036936169
2.26066015013
2.51996163989
2.19040517648
2.68453952625
2.23115275892
2.2168274814
2.4868448886
2.40055239135
2.4538489487
2.39288327008
2.48215483636
2.22417078932
2.26417870459
2.80110253721
2.70780849961
2.65924031568
2.0758327789
2.77300500734
2.01141510514
2.53968837515
2.83261385713
1.66698136024
2.56612183897
2.29466684278
2.47004509955
2.57432347168
2.84889921938
2.1142970501
3.16460720282
2.33676528466
2.50102509903
2.46832450605
2.58277260714
2.43300922891
2.71232535632
2.46892785569
2.35764144554
2.35053836048
2.3735255021
2.60202900416
2.33209748848
2.34778542652
2.29003415366
2.18556588597
2.87202361941
2.61720757188
2.92611172602
2.03760250207
2.77904383269
2.4287445187
2.68197961835
2.3216417355
2.86235153224
2.51702194921
2.11924218801
2.50245245385
2.55764398919
2.87529807936
2.41377453133
2.53290786632
2.711904617
2.72631955502
2.34754470919
2.3559109678
3.0194316867
2.7435181079
2.86237735709
2.39630927214
2.98417782505
2.53419820239
2.81735041954
2.72256340247
2.71914241756
2.70586355406
2.72712496921
3.07778656411
2.19159940632
2.58020946272
2.47655586787
2.33148798785
2.3525314648
2.71995520378
2.97586757809
2.23936704673
2.64113442356
2.10185799664
2.2463597314
2.65276772577
2.55061532981
2.55354939673
2.23077264983
2.54807772347
2.23058281694
2.64030730434
2.79336557251
2.62802338179
2.13798124658
2.82861812028
2.22693691655
2.95714614154
2.96393630668
2.67473752377
2.59962078056
2.69756566458
2.66891223776
3.01248378398
2.78272211533
2.84161054218
2.48641989695
2.11682129321
2.68582734864
2.62343451286
2.28701062664
2.30126332768
2.85094126673
2.31540801419
2.59883278685
2.50930457383
2.21716828321
2.79662418328
2.84762956614
2.91789732853
2.22859473316
2.66212272687
2.57532207123
2.57287974766
2.67479347534
2.77609709997
2.5846945484
2.36564870722
2.39868073849
2.46277569716
2.71430080685
2.86013247642
2.44508325205
2.64858732271
2.22596498488
2.77292205118
2.30622298913
2.46735533758
2.17240759855
2.75925827903
2.42892325503
2.33430841546
2.38441316808
2.61742443247
2.73448403397
2.77007870796
2.54117487499
2.68269071567
2.54831799274
2.67116511671
2.4762203409
2.82473328314
2.88341111514
