2.1129731086
2.14421298312
1.74194317948
1.59866015883
1.70318435355
1.52983660799
1.69802840377
1.72429778468
1.6575859382
1.71651806766
1.99024879571
1.77807257307
1.91244595717
1.67098749268
1.70763793302
1.69061355028
1.80675386298
1.88452975281
1.90559162145
1.77365647453
2.01385564529
1.79379986368
1.83612415079
1.79957117775
1.9001468995
1.54621768089
1.96894031568
1.99326272022
1.74341292766
1.88779477991
1.6109135726
1.82708606169
2.03920019084
1.58167809103
1.8756481344
1.67802459726
1.46561533749
1.55344031077
1.5895512415
1.55296246014
1.78037807697
1.51810264976
1.86780677483
1.68389509821
2.17132307994
1.78089819884
1.57054860297
2.008808647
1.7442874012
1.38860679088
1.63486382077
1.94871220907
1.87417345012
1.47983518939
1.7277468215
1.65101295043
1.76097220385
1.93446413302
1.60772316402
1.87709158555
2.06058859336
1.79238791633
1.83427377729
1.78637012007
1.69921640011
2.03601904769
1.55285334321
1.8812887482
1.45172473575
1.72580542932
1.68454867483
1.94767623306
2.0731266416
1.89860599305
2.12549507062
1.7624120096
1.8412895947
1.4683999243
2.10378569525
2.0051107909
1.80061026742
2.18454333006
1.79712749773
1.70225829222
1.89503224466
1.68295493538
1.70290527704
2.00305159118
1.75559889477
1.71845607259
1.66979675691
1.84838533294
1.5652015015
1.95099559806
1.29695269338
1.89524849986
1.84900096149
1.94624008748
1.95165474769
1.76778423882
1.45871381855
1.98215530041
1.7520566967
1.86936444118
1.90035168517
1.92143785758
2.1240374189
1.96721684358
1.73465586345
1.93725349781
1.64040040303
1.86768145131
1.64116959445
1.70388876194
1.47405589815
1.72152834885
1.61378151543
1.74794943717
1.39961647963
1.67152491671
2.00871735985
1.59737953197
1.78344862878
1.53960896404
2.25629179499
1.7173753936
1.89976794535
1.74207984407
1.94267597357
1.52881115623
2.21567083072
1.82579492926
1.56720745256
1.86468451328
1.63559655093
1.73655179796
1.97420349245
1.67808750225
1.44112012701
1.86997639335
2.0327848588
1.89964288763
1.77957069382
1.73893081401
1.75277309154
1.74106964848
1.67033691098
2.05793832215
1.62800189299
1.83960164656
1.64612246172
1.75298939361
1.95012455697
1.82992693763
1.6557253311
1.77951340051
1.74730374758
1.89456625102
1.85612051289
1.34578033577
2.01411982257
1.52422775705
1.85306317026
1.64239911296
1.59744547168
1.72691536734
1.61679438733
1.22716851839
1.92328902207
1.75365199714
1.91433854278
2.10501713643
1.49865712997
1.53846430041
1.83161539032
1.873934834
1.4805820077
1.57322031198
1.65637719307
1.71042725387
1.84164554043
2.08693054848
1.74087389527
1.60418644992
2.11256150823
1.56066660597
1.6296004279
1.72729828343
1.82633399671
1.67080060219
1.90845006562
1.83668352373
1.65406537267
1.6120352216
1.68292608323
1.82909761016
1.94404397519
1.74228302723
1.70189975567
1.50243581742
1.93230628735
1.80464094307
1.68345036426
2.28367069815
1.87523430908
1.67674460094
1.73226105174
1.8759990117
1.74743606744
1.84058620433
2.19421914309
1.63951916783
1.79556223055
1.67497768024
1.53402333992
1.78506549876
2.0061223372
1.93633785276
2.06919725469
1.75219959045
2.01181974371
1.78580711348
1.74626293766
1.96341956194
1.65485659786
1.73710534867
1.55762309071
1.86246480138
1.64983536554
1.52548173773
1.87920917561
1.74513837459
1.61419351006
1.80344974141
1.7526634626
1.65589604039
1.5159524503
1.83135227671
1.50353828901
1.95173332009
1.96408571041
1.90828640001
1.9145495106
1.68304535132
2.03406981281
1.71164380553
1.62127486189
1.74219232441
1.67738819729
1.46791950782
1.56955865955
1.65089764357
1.83558552442
1.8315460903
2.0734027541
1.58934769892
2.09255203177
2.01919226911
1.99988156771
2.02858966536
1.92647710676
1.69321607816
1.88983856848
1.82045244595
1.66182095212
1.85938716417
1.76513455507
1.73269851467
1.40142885995
1.63140492001
1.7567078127
2.23333248969
1.86449568073
1.66602391441
1.82351334956
1.83239856182
1.66574490967
1.73321772248
1.7545299623
1.8659583948
1.93031875638
1.60512438412
1.79412193928
1.82413616434
1.70327900119
2.14410121094
1.6527774816
1.72875736002
1.63995840903
1.77867527091
1.84663028843
1.51629560121
1.52613613544
1.60851448997
2.10703336418
1.6126933559
1.9515721374
1.96481447841
1.92696287718
1.82946032955
