1.22878556604
1.13989256923
1.30938308496
1.31955920712
1.20499747543
1.17683884101
1.22462195812
1.10249478602
1.07273820241
1.20092221225
1.27807985434
1.14613574527
1.2415929386
1.10933847623
1.26140976757
1.20072511444
1.25511665171
1.1129196664
1.23267937215
1.00481417691
1.1887717481
1.2081753134
1.19905906758
1.20762537615
1.30105493564
1.25073350306
1.10955331158
1.04575092027
1.23268565309
1.06814319081
1.08302147706
1.21984158281
1.05749617627
1.21990304113
1.263611991
1.22190689202
1.15509830454
1.28413035202
1.11250480215
1.27559712973
1.24780419961
1.14195907936
1.10110579363
1.10688359364
0.981463301647
1.13415216957
1.23641732923
1.13397600643
1.28866257875
1.29804060767
1.30914073013
1.22066906997
1.09338593588
1.22667192823
1.1947706619
1.14642973406
1.00441074107
1.15857759595
1.45047895704
1.32449156317
1.31385126953
1.33125545055
1.13660782491
1.2869660454
1.11081446909
1.29085828818
1.29031581134
1.19936439765
1.25532070695
1.31304974983
1.14758946119
1.28416109642
1.17252663134
1.09879378804
1.20194280193
1.15316681787
1.21827297376
1.18164153794
1.30799915803
1.01947261895
1.17792108671
1.13045371704
1.29569182248
1.05711834215
1.13123275846
1.13663038306
1.15500143671
1.11532603321
1.09897910251
1.21592032288
1.14909732352
1.1064166245
1.09977891314
1.22446333461
1.22070845271
1.35327501548
1.1805167736
1.20142345862
1.16896600004
1.14795724079
1.13855263384
1.25248971571
1.25822667971
1.19213523874
1.26209727706
1.30171218747
1.11925170249
1.30012336968
1.32848105848
1.27838829695
1.21774217823
1.13902784122
1.16533098778
1.03067848403
1.12370665503
1.29102088496
1.02557766916
1.22224673804
1.18680766404
1.18994671384
1.20004020378
1.10746713657
1.0919004322
1.3286202562
1.0800316562
1.41796882456
1.1411102093
1.48472329739
1.25913654786
1.20756618135
0.956634900708
1.17367145607
1.20960883262
1.19045950594
1.17483800222
1.23771101003
1.26338748118
1.11637026644
1.10912088256
1.24771473599
1.22050033025
1.0703319155
1.22735837911
1.13001735655
1.28330699935
1.18933971523
1.3158142251
1.16290399886
1.3206205818
1.28481391288
1.27463984699
1.39812572091
1.03514378063
1.15667994452
1.16823617353
1.08781159264
1.26582415308
1.22355904535
1.24815546398
1.23732981261
1.32655711707
1.11083232702
1.19147571204
1.44345576913
1.32137071824
1.31760480531
1.31377337314
1.20086510611
1.28155285246
1.41662690135
1.37469961452
1.34148701607
1.36193591828
1.19407166008
1.25538053729
1.15768111061
1.12251532861
1.17874617606
1.10916690186
1.29081034328
1.21079353136
1.09215967788
1.20649127752
1.24449554052
1.1668579645
1.2367849502
1.26628404442
1.16765353449
1.08448550843
1.2021258558
1.1949728341
1.04430268455
1.07140561692
1.2159475184
1.18163660399
1.12206427539
1.30602760893
1.18090687565
1.14789765533
1.12771831698
1.0570300782
1.19389904678
1.23989489919
1.20956757513
1.17183302336
1.30460275927
1.30475340398
1.07986668578
1.10677179384
1.14122229656
1.21667441507
1.17839304401
1.16942863345
1.21937716083
1.09405128405
1.30871486065
1.25215576984
1.23305335317
1.24971381103
1.17492360559
1.10081189719
1.19459577024
1.23297987603
1.17332579463
1.22007981131
1.40825777489
1.26796979709
1.08103089109
1.27739040576
1.19752411465
1.18707609815
1.12026171783
1.39639445649
1.37386134321
1.07423860632
1.20686727337
1.23242374713
1.26108964286
1.19118329664
1.21185387554
1.22210678986
1.02597783872
1.16399545066
1.38301414985
1.07687750917
1.04532803518
1.13732741658
1.19583221093
1.34247346776
1.22851697831
1.02821936709
0.944741244183
1.14505929318
1.12943535248
1.04576545539
1.22635014505
1.19384835995
1.20045491621
1.10314421834
1.14724098123
1.10725193446
1.28450908524
1.00105839072
0.951360066677
1.2049775127
1.08138224831
1.31501351345
1.26991269478
1.12556424423
1.443050974
1.15759351349
1.05090259735
1.18982199018
1.23675960595
1.18850786735
1.09481833727
1.22664195533
1.15539267222
1.12222628574
1.13042995199
1.07613142715
1.13422498527
1.1283837837
1.1250494338
1.21297430047
1.19965875659
1.30728530684
1.07708719306
1.15023101625
1.18715656543
1.18760945272
1.20919633854
1.15601380006
1.10077805296
1.20271537317
1.16012488129
1.08498658883
1.38401407618
1.02964306386
1.09235221766
