0.594481928352
0.635376605095
0.71617424636
0.564250136103
0.687145275714
0.749427264324
0.782399340964
0.683589942658
0.655536545067
0.73671390772
0.629205141595
0.844102735323
0.763373756421
0.911685045556
0.704787858543
0.584296483307
0.84451783119
0.675889748093
0.608405430165
0.664004753628
0.666809807729
0.578884863713
0.753971363408
0.5926844483
0.576624175805
0.722681404002
0.550099557679
0.680732737792
0.601761832515
0.621827580975
0.640715239884
0.736108366376
0.688504296371
0.769226066447
0.757988584129
0.66936025234
0.738241663496
0.748993958278
0.586004180929
0.781450367889
0.732617433241
0.864194560841
0.631137072852
0.435584861034
0.714444350224
0.679388002431
0.559922813826
0.701003795391
0.730980163362
0.76194885253
0.518438210248
0.671665250568
0.737121294132
0.688773936103
0.784315957785
0.680633963302
0.685895098972
0.911544169145
0.708501390573
0.69025915516
0.562089304397
0.799358850402
0.719260186952
0.648896896978
0.723345381807
0.657897354895
0.848500737279
0.524980330947
0.702702571754
0.876227532281
0.730742506413
0.526831575821
0.547408803901
0.575272202256
0.618904902189
0.707842552074
0.808072518625
0.858427644203
0.795523632757
0.730535558874
0.728331320443
0.808661977226
0.592311038141
0.783008740529
0.583861199751
0.83453762663
0.685169252399
0.625928681633
0.749135283027
0.682294708913
0.62455012743
0.768461475157
0.581539287473
0.766569143923
0.634544052309
0.665996570371
0.751403987917
0.604468123208
0.907017885511
0.604454642115
