0.576052153472
0.785430254121
0.435819165252
0.701044579999
0.664085044587
0.33295233709
0.59408548614
0.595414681918
0.518557253251
0.768120338885
0.568726596159
0.657900830061
0.49044492261
0.780178234626
0.60563042624
0.681829427093
0.773481139652
0.554993494307
0.619678481205
0.509482850648
0.596973348581
0.644420228616
0.750553774876
0.657358559139
0.590291416909
0.496564755911
0.701515033682
0.631009012046
0.747431315301
0.744910459157
0.639675107761
0.605551464355
0.899451552176
0.502747477728
0.824915380254
0.477780785058
0.581200180483
0.645307027942
0.755989918954
0.704349734719
0.919185555474
0.783858438998
0.649127037779
0.871816012478
0.719464310029
0.560853312227
0.664698216385
0.558747517912
0.722951643032
0.595086229873
0.722867649694
0.662267062012
0.840275743512
0.676423351436
0.625824202936
0.679342088347
0.553237450764
0.736266334334
0.544988064611
0.665248628909
0.541121734098
0.630214445073
0.697152426621
0.632429486711
0.525624290898
0.646224061158
0.542178712717
0.66455455226
0.819582735068
0.792504536414
0.544525384985
0.38538084441
0.703362992258
0.788620092101
0.499044211791
0.563831452156
0.573004202718
0.899314189523
0.549776388796
0.649941574428
0.651908134013
0.683968780395
0.59118739849
0.530906584432
0.846009221873
0.556603666508
0.696114823129
0.678816973537
0.487508357635
0.656851020598
0.724909370164
0.685695065878
0.668745091618
0.764154699567
0.560838499367
0.57955871327
0.500570071427
0.653944419174
0.551308086127
0.684693666898
0.649895832433
0.768016660293
0.709346614897
0.733324909725
0.825060395695
0.715709436921
0.761622429954
0.571394552119
0.533495779656
0.825984960577
0.511182048698
0.527976349531
0.680635389501
0.532980593797
0.706061394912
0.711163299524
0.509412077862
0.578982720384
0.60586784132
0.741509045186
0.669469176115
0.616371600301
0.623269470928
0.64934864485
0.820618737719
0.772581836137
0.661636935655
0.666236498675
0.875196005432
0.718260793917
0.656728030329
0.719137312245
0.800574897086
0.504423538391
0.755260978601
0.69120548327
0.600797820094
0.59945969041
0.77077010695
0.452284092552
0.576622797508
0.599419524187
0.476711215013
0.585994596524
0.708123179249
0.48581417403
0.427012749918
0.408360141995
0.891081301166
0.751088649941
0.699935295901
0.759753847206
0.7053927941
0.405931204276
0.649171422979
0.539958548199
0.542876336316
0.709337589068
0.495926356565
0.67060925291
0.670648139277
0.612751528302
0.611501025588
0.56761686352
0.676301156182
0.580036636612
0.805046539075
0.64978955999
0.650262131531
0.561714213901
0.606107892925
0.589454209812
0.708255990655
0.736330665476
0.552751074594
0.802144830108
0.734245535373
0.531438357597
0.564387771852
0.733683579322
0.632470858222
0.668650587198
0.672202905706
0.638667885671
0.696412102288
0.681777613108
0.744199069281
0.564254708934
0.782674450207
0.645931131434
0.516737150586
0.705193241188
0.525365140696
0.679716653373
0.448228887692
0.670686671465
0.776810627083
0.613150622643
0.761791554466
0.626442695452
0.640632689014
0.608994204252
0.593016367089
0.649517250851
0.655236477836
0.639698780201
0.555481187145
0.614655115924
0.618842065653
0.669679223511
0.529868039714
0.658833145108
0.759489838987
0.663658664827
0.722545546588
0.482040120084
0.532187765186
0.72405835611
0.662016030026
0.603613094859
0.588578703196
0.674835199026
0.64681419622
0.60910236426
0.524583298895
0.684738640932
0.708712417215
0.67541571439
0.446052213511
0.717609261716
0.705975922083
0.776183320747
0.686990108299
0.612788024526
0.673219297813
0.57828728293
0.625626191211
0.460093086111
0.679622976738
0.522139617408
0.46886788631
0.529429106274
0.758150892128
0.496815487629
0.644844432651
0.592029631033
0.58783058651
0.630523340887
0.435055574416
0.565968565345
0.655034301263
0.528163112832
0.543547489413
0.601399025265
0.841439155837
0.444038901076
0.64388924752
0.494483476969
0.659468958425
0.665232989125
0.700310641044
0.457327359976
0.562221071183
0.566096573845
0.693485182169
0.615351842527
0.57864047868
0.65292520563
0.54998221356
0.703788726908
0.637859032285
0.569841586969
0.862837405248
0.680171285354
0.561515651775
0.70998478613
0.589703193099
0.778675400695
0.661794681872
0.544274602623
0.646247115772
0.687709476759
0.873123571284
0.672376436037
0.519540473411
0.737750532007
0.750123478372
0.596636175564
0.483172234627
0.644650741024
0.743880794524
0.568021859462
0.761415072181
0.566378850843
0.771964263717
0.617336580129
0.686185901389
0.621998572546
0.585845069544
0.760586247361
