0.7760866265097
0.6182471801508472
0.6584801354010602
0.5597085259059766
0.7823548153825043
0.729756312758196
0.8247798849659763
0.4815463211873729
0.8296807509468591
0.574072300656729
0.8067800681927966
0.7797386096049572
0.6319917881896382
0.6217106211419341
0.6514400094316002
0.6628116175677251
0.8302917317070626
0.724266168011084
0.9428702268933489
0.8202523235809307
0.8760265695155187
0.6101473984137789
1.1108196869521347
0.6580634896317059
0.9025326248202185
0.9994844696568813
0.809674606365927
0.7688591290486113
0.8972528128242132
0.6147384218258531
0.9586732672693515
0.7374670111139863
1.1264342541953307
0.7140339855353173
0.846462157185272
0.7304494213348993
0.8566436620749656
0.8730782323617493
0.6610688449533517
1.0421378744606242
0.6251944948539908
0.6151554134775791
0.7000520057717192
0.771334314314246
0.8441330435017834
0.8339569627285834
0.7199997361510847
0.7292441816050098
0.7275812712172112
0.8684145089486222
0.8209744215142403
0.7144716256889702
0.7752701399537334
0.7644314162009914
0.7017828806335988
0.8248509340224062
0.8229984530052721
0.8503946042405972
0.989237749538221
0.5224261232264787
0.6691925743982201
0.7820715850294561
0.7647178690530642
0.7257035827028644
0.8645210516923711
0.7834313788442089
0.7300684675443638
0.832720582965385
0.9742318770693417
0.6969871409712038
0.7850121197665854
0.7573345294772389
0.9537595611947811
0.9175150498365064
0.6015269726683796
0.7794814629371931
0.7263848334291904
0.804860447247249
0.7889942463119157
0.917179768000868
1.0474081038561798
0.6985827091138963
0.877897007484898
0.9527781659166996
0.6032868424347564
0.6046099787058278
0.8942917226575817
0.7192972199990244
0.9593781038148335
0.8114671102855826
1.1443995096036736
0.8292145771651434
0.5756034571049209
1.218526748433383
1.0049143268020448
0.6896837142316199
0.7001008940562468
0.6236619971548587
0.7633666769008225
1.0486671826548897
